89886603
30868464
89886605
55472946
57108429
89886608
55890053
84536414
96568788
84675946
107171070
49935256
75427196
63148645
79236776
49620643
114626837
130744010
59677071
41891573
88044853
87981488
130152387
90873122
60318128
129128704
90873122
88028128
54832925
133233806
120311218
110954104
134774919
131197361
52818837
90629970
125221007
132372897
125229199
91646930
91002187
130154870
93344277
66590040
90630000
73925668
132372881
49621199
122275194
130744010
93344284
125221370
29903465
53489194
119389001
120311218
93712239
91381852
130152349
91381855
88707119
94972272
40675238
75064583
73359100
77268832
71995213
131683510
33112495
59441131
58500836
135889483
64433137
59950179
135079081
96358665
128955858
137604221
96242193
96668998
95669265
134298728
59042535
141063554
132138495
135884634
61550512
94646222
141464764
96174786
61534951
95960957
60932661
129757570
129126778
64433206
98989143
141160334
132639633
31779890
132784939
104854339
104122222
140473144
104122657
140473144
140465394
64510507
19443443
140471173
104119047
118830289
104862687
104122657
19443443
100764366
17234128
118827169
85695347
113040636
78415988
111161825
78415988
100198455
117156912
49596321
126903594
92179505
91031876
85856888
91610686
47450515
82276479
30577338
132995876
53956968
73552213
42348665
44925050
84906764
65054441
53495130
47721924
119599876
65747891
121452918
